	196	197	199	318	371	278	370	333	359
DEG10020152	0	0	0	0	0	0	1	0	0
DEG10020211	0	0	0	0	0	1	0	0	0
DEG10020212	0	0	0	0	0	0	0	0	1
DEG10020213	0	0	0	0	0	0	0	0	1
DEG10020214	0	0	0	0	0	0	0	0	1
DEG10020215	0	0	0	0	0	0	0	0	1
DEG10020216	0	0	0	0	0	0	0	0	1
DEG10020217	0	0	0	0	0	0	0	0	1
DEG10020218	0	0	0	0	0	0	0	0	1
DEG10020219	0	0	0	0	0	0	0	0	1
DEG10020220	0	0	0	0	0	0	0	0	1
DEG10020221	0	0	0	0	0	0	0	0	1
DEG10020224	0	0	0	0	0	0	0	0	1
DEG10020225	0	0	0	0	0	0	0	0	1
DEG10020226	0	0	0	0	0	0	0	0	1
DEG10020227	0	0	0	0	0	0	0	0	1
DEG10020228	0	0	0	0	0	0	0	0	1
DEG10020229	0	0	0	0	0	0	0	0	1
DEG10020230	0	0	0	0	0	0	0	0	1
DEG10020231	0	0	0	0	0	0	0	0	1
DEG10020232	0	0	0	0	0	0	0	0	1
DEG10020233	0	0	0	0	0	0	0	0	1
DEG10020234	0	0	0	0	0	0	0	0	1
DEG10020235	0	0	0	0	0	0	0	0	1
DEG10020236	0	0	0	0	0	0	0	0	1
DEG10020237	0	0	0	0	0	0	0	0	1
DEG10020238	0	0	0	0	0	0	0	0	1
DEG10020239	0	0	0	0	0	0	0	0	1
DEG10020240	0	0	0	0	0	0	0	0	1
DEG10020241	0	0	0	0	0	0	0	0	1
DEG10020242	0	0	0	0	0	0	0	0	1
DEG10020243	0	0	0	0	0	0	0	0	1
DEG10020244	0	0	0	0	0	0	0	0	1
DEG10020245	0	0	0	0	0	0	0	0	1
DEG10030561	0	0	0	0	0	0	0	0	1
DEG10070105	0	0	0	0	0	0	0	0	1
DEG10170179	0	0	0	0	0	0	1	0	0
DEG10170180	0	0	0	0	0	0	1	0	0
DEG10170181	0	0	0	0	0	0	1	0	0
DEG10170182	0	0	0	0	0	0	1	0	0
DEG10170265	0	0	0	0	0	1	0	0	0
DEG10170266	0	0	0	0	0	1	0	0	0
DEG10170270	0	0	0	0	0	0	0	0	1
DEG10170271	0	0	0	0	0	0	0	0	1
DEG10170272	0	0	0	0	0	0	0	0	1
DEG10170273	0	0	0	0	0	0	0	0	1
DEG10170274	0	0	0	0	0	0	0	0	1
DEG10170275	0	0	0	0	0	0	0	0	1
DEG10170276	0	0	0	0	0	0	0	0	1
DEG10170277	0	0	0	0	0	0	0	0	1
DEG10170278	0	0	0	0	0	0	0	0	1
DEG10170279	0	0	0	0	0	0	0	0	1
DEG10170280	0	0	0	0	0	0	0	0	1
DEG10170281	0	0	0	0	0	0	0	0	1
DEG10170284	0	0	0	0	0	0	0	0	1
DEG10170285	0	0	0	0	0	0	0	0	1
DEG10170286	0	0	0	0	0	0	0	0	1
DEG10170287	0	0	0	0	0	0	0	0	1
DEG10170288	0	0	0	0	0	0	0	0	1
DEG10170289	0	0	0	0	0	0	0	0	1
DEG10170290	0	0	0	0	0	0	0	0	1
DEG10170291	0	0	0	0	0	0	0	0	1
DEG10170292	0	0	0	0	0	0	0	0	1
DEG10170293	0	0	0	0	0	0	0	0	1
DEG10170294	0	0	0	0	0	0	0	0	1
DEG10170295	0	0	0	0	0	0	0	0	1
DEG10170296	0	0	0	0	0	0	0	0	1
DEG10170297	0	0	0	0	0	0	0	0	1
DEG10170298	0	0	0	0	0	0	0	0	1
DEG10170299	0	0	0	0	0	0	0	0	1
DEG10170300	0	0	0	0	0	0	0	0	1
DEG10170301	0	0	0	0	0	0	0	0	1
DEG10170302	0	0	0	0	0	0	0	0	1
DEG10170303	0	0	0	0	0	0	0	0	1
DEG10170304	0	0	0	0	0	0	0	0	1
DEG10370126	0	0	0	0	0	0	0	0	1
DEG10380087	0	0	0	0	0	0	0	0	1
DEG10380135	0	0	0	0	0	0	0	0	1
DEG10420180	0	0	0	0	0	0	0	0	1
DEG10470484	0	0	0	0	0	0	0	0	1
DEG10600101	0	0	0	0	0	0	0	0	1
DEG10610005	0	0	0	0	0	0	0	0	1
DEG10610016	0	0	0	0	0	0	0	0	1
DEG10610020	0	0	0	0	0	0	0	0	1
DEG10610021	0	0	0	0	0	0	0	0	1
DEG10610042	0	0	0	0	0	0	1	0	0
DEG10610058	0	0	0	0	0	0	0	0	1
DEG10610059	0	0	0	0	0	0	0	0	1
DEG10610060	0	0	0	0	0	0	0	0	1
DEG10610068	0	0	0	0	0	0	0	0	1
DEG10610085	0	0	0	0	0	0	0	0	1
DEG10610087	0	0	0	0	0	0	0	0	1
DEG10610090	0	0	0	0	0	1	0	0	0
DEG10610097	0	0	0	0	0	0	0	0	1
DEG10610100	0	0	0	0	0	0	0	0	1
DEG10610119	0	0	0	0	0	0	0	0	1
DEG10610122	0	0	0	0	0	0	0	0	1
DEG10610123	0	0	0	0	0	0	0	0	1
DEG10610131	0	0	0	0	0	0	0	0	1
DEG10610187	0	0	0	0	0	0	0	0	1
DEG10610188	0	0	0	0	0	0	0	0	1
DEG10610198	0	0	0	0	0	0	0	0	1
DEG10610199	0	0	0	0	0	0	0	0	1
DEG10610202	0	0	0	0	0	0	0	0	1
DEG10610203	0	0	0	0	0	0	1	0	0
DEG10610215	0	0	0	0	0	0	0	0	1
DEG10610226	0	0	0	0	0	0	0	0	1
DEG10610239	0	0	0	0	0	0	0	0	1
DEG10610242	0	0	0	0	0	0	0	0	1
DEG10610258	0	0	0	0	0	0	0	0	1
DEG10620005	0	0	0	0	0	0	0	0	1
DEG10620016	0	0	0	0	0	0	0	0	1
DEG10620020	0	0	0	0	0	0	0	0	1
DEG10620021	0	0	0	0	0	0	0	0	1
DEG10620042	0	0	0	0	0	0	1	0	0
DEG10620058	0	0	0	0	0	0	0	0	1
DEG10620059	0	0	0	0	0	0	0	0	1
DEG10620060	0	0	0	0	0	0	0	0	1
DEG10620068	0	0	0	0	0	0	0	0	1
DEG10620085	0	0	0	0	0	0	0	0	1
DEG10620087	0	0	0	0	0	0	0	0	1
DEG10620090	0	0	0	0	0	1	0	0	0
DEG10620097	0	0	0	0	0	0	0	0	1
DEG10620100	0	0	0	0	0	0	0	0	1
DEG10620119	0	0	0	0	0	0	0	0	1
DEG10620122	0	0	0	0	0	0	0	0	1
DEG10620123	0	0	0	0	0	0	0	0	1
DEG10620131	0	0	0	0	0	0	0	0	1
DEG10620187	0	0	0	0	0	0	0	0	1
DEG10620188	0	0	0	0	0	0	0	0	1
DEG10620198	0	0	0	0	0	0	0	0	1
DEG10620199	0	0	0	0	0	0	0	0	1
DEG10620204	0	0	0	0	0	0	0	0	1
DEG10620205	0	0	0	0	0	0	1	0	0
DEG10620217	0	0	0	0	0	0	0	0	1
DEG10620230	0	0	0	0	0	0	0	0	1
DEG10620231	0	0	0	0	0	0	0	0	1
DEG10620247	0	0	0	0	0	0	0	0	1
DEG10620261	0	0	0	0	0	0	0	0	1
DEG10620263	0	0	0	0	0	0	0	0	1
DEG10620276	0	0	0	0	0	0	0	0	1
DEG10630005	0	0	0	0	0	0	0	0	1
DEG10630016	0	0	0	0	0	0	0	0	1
DEG10630020	0	0	0	0	0	0	0	0	1
DEG10630021	0	0	0	0	0	0	0	0	1
DEG10630042	0	0	0	0	0	0	1	0	0
DEG10630058	0	0	0	0	0	0	0	0	1
DEG10630059	0	0	0	0	0	0	0	0	1
DEG10630060	0	0	0	0	0	0	0	0	1
DEG10630068	0	0	0	0	0	0	0	0	1
DEG10630085	0	0	0	0	0	0	0	0	1
DEG10630087	0	0	0	0	0	0	0	0	1
DEG10630090	0	0	0	0	0	1	0	0	0
DEG10630097	0	0	0	0	0	0	0	0	1
DEG10630100	0	0	0	0	0	0	0	0	1
DEG10630119	0	0	0	0	0	0	0	0	1
DEG10630122	0	0	0	0	0	0	0	0	1
DEG10630123	0	0	0	0	0	0	0	0	1
DEG10630131	0	0	0	0	0	0	0	0	1
DEG10630187	0	0	0	0	0	0	0	0	1
DEG10630188	0	0	0	0	0	0	0	0	1
DEG10630198	0	0	0	0	0	0	0	0	1
DEG10630199	0	0	0	0	0	0	0	0	1
DEG10630203	0	0	0	0	0	0	0	0	1
DEG10630204	0	0	0	0	0	0	1	0	0
DEG10630223	0	0	0	0	0	0	0	0	1
DEG10630235	0	0	0	0	0	0	0	0	1
DEG10640005	0	0	0	0	0	0	0	0	1
DEG10640016	0	0	0	0	0	0	0	0	1
DEG10640020	0	0	0	0	0	0	0	0	1
DEG10640021	0	0	0	0	0	0	0	0	1
DEG10640042	0	0	0	0	0	0	1	0	0
DEG10640058	0	0	0	0	0	0	0	0	1
DEG10640059	0	0	0	0	0	0	0	0	1
DEG10640060	0	0	0	0	0	0	0	0	1
DEG10640068	0	0	0	0	0	0	0	0	1
DEG10640085	0	0	0	0	0	0	0	0	1
DEG10640087	0	0	0	0	0	0	0	0	1
DEG10640090	0	0	0	0	0	1	0	0	0
DEG10640097	0	0	0	0	0	0	0	0	1
DEG10640100	0	0	0	0	0	0	0	0	1
DEG10640119	0	0	0	0	0	0	0	0	1
DEG10640122	0	0	0	0	0	0	0	0	1
DEG10640123	0	0	0	0	0	0	0	0	1
DEG10640131	0	0	0	0	0	0	0	0	1
DEG10640187	0	0	0	0	0	0	0	0	1
DEG10640188	0	0	0	0	0	0	0	0	1
DEG10640198	0	0	0	0	0	0	0	0	1
DEG10640199	0	0	0	0	0	0	0	0	1
DEG10640204	0	0	0	0	0	0	0	0	1
DEG10640205	0	0	0	0	0	0	1	0	0
DEG10640222	0	0	0	0	0	0	0	0	1
DEG10640233	0	0	0	0	0	0	0	0	1
DEG10640247	0	0	0	0	0	0	0	0	1
DEG10640251	0	0	0	0	0	0	0	0	1
DEG10640252	0	0	0	0	0	0	0	0	1
DEG10640257	0	0	0	0	0	0	0	0	1
DEG10640262	0	0	0	0	0	0	0	0	1
DEG10640270	0	0	0	0	0	0	0	0	1
DEG10640304	0	0	0	0	0	0	0	0	1
DEG10650005	0	0	0	0	0	0	0	0	1
DEG10650016	0	0	0	0	0	0	0	0	1
DEG10650020	0	0	0	0	0	0	0	0	1
DEG10650021	0	0	0	0	0	0	0	0	1
DEG10650042	0	0	0	0	0	0	1	0	0
DEG10650058	0	0	0	0	0	0	0	0	1
DEG10650059	0	0	0	0	0	0	0	0	1
DEG10650060	0	0	0	0	0	0	0	0	1
DEG10650068	0	0	0	0	0	0	0	0	1
DEG10650085	0	0	0	0	0	0	0	0	1
DEG10650087	0	0	0	0	0	0	0	0	1
DEG10650090	0	0	0	0	0	1	0	0	0
DEG10650097	0	0	0	0	0	0	0	0	1
DEG10650100	0	0	0	0	0	0	0	0	1
DEG10650119	0	0	0	0	0	0	0	0	1
DEG10650122	0	0	0	0	0	0	0	0	1
DEG10650123	0	0	0	0	0	0	0	0	1
DEG10650131	0	0	0	0	0	0	0	0	1
DEG10650187	0	0	0	0	0	0	0	0	1
DEG10650188	0	0	0	0	0	0	0	0	1
DEG10650198	0	0	0	0	0	0	0	0	1
DEG10650199	0	0	0	0	0	0	0	0	1
DEG10650219	0	0	0	0	0	0	0	0	1
DEG10650231	0	0	0	0	0	0	0	0	1
DEG10650247	0	0	0	0	0	0	0	0	1
DEG10650293	0	0	0	0	0	0	0	0	1
DEG10670313	0	0	0	0	0	0	0	0	1
DEG10020013	2	0	0	0	0	0	0	0	0
DEG10020015	0	0	0	0	0	0	0	2	0
DEG10020286	0	0	2	0	0	0	0	0	0
DEG10170267	0	2	0	0	0	0	0	0	0
DEG10620252	0	0	0	2	0	0	0	0	0
DEG10650246	0	0	0	0	0	2	0	0	0
DEG10020222	0	0	0	0	2	0	0	0	1
DEG10020288	0	0	0	0	0	0	0	3	0
DEG10170282	0	0	0	0	2	0	0	0	1
DEG10170343	0	0	0	0	0	0	0	3	0
DEG10610244	0	0	0	0	2	0	0	0	1
DEG10620256	0	0	0	0	0	0	0	3	0
DEG10640259	0	0	0	2	0	0	0	0	1
DEG10170341	0	0	0	0	0	0	0	4	0
DEG10610254	0	0	0	0	2	0	0	0	1
DEG10170283	0	0	0	0	2	0	0	0	1
